0 8 0
0 24 5
0 1 0
1 9 1
1 2 0
1 0 0
2 10 0
2 3 0
2 1 0
3 11 0
3 4 0
3 2 0
4 12 0
4 5 0
4 3 -2
5 13 0
5 6 0
5 4 0
6 14 0
6 7 0
6 5 0
7 15 1
7 8 0
7 6 0
8 16 1
8 9 0
8 7 -1
9 17 1
9 10 0
9 8 -2
10 18 1
10 11 0
10 9 0
11 19 0
11 12 0
11 10 0
12 20 0
12 13 0
12 11 -1
13 21 1
13 14 0
13 12 -1
14 22 1
14 15 0
14 13 -1
15 23 1
15 16 0
15 14 0
16 0 -5
16 24 0
16 17 0
16 15 0
17 1 -5
17 18 0
17 16 0
18 2 -5
18 19 0
18 17 0
19 3 -5
19 20 0
19 18 0
20 4 -4
20 21 0
20 19 0
21 5 -4
21 22 0
21 20 0
22 6 -5
22 23 0
22 21 -1
23 7 -5
23 24 0
23 22 0
24 23 -1